"opengl.debug": 0.000000
"window.fullscreen": 0.000000
"window.title": "BadBaby"
"window.width": 800.000000
"window.height": 600.000000
